2 713.7327270507812 198.95986938476562 843.9509887695312 280.4317626953125 0.8901146054267883
2 69.03572082519531 188.05429077148438 337.95880126953125 318.53424072265625 0.8265703320503235
2 50.60114288330078 204.5138702392578 197.9184112548828 365.15777587890625 0.7598764896392822
2 679.283447265625 191.83653259277344 755.0827026367188 248.02406311035156 0.7317599058151245
2 0.2624771296977997 163.81521606445312 69.38764190673828 372.07275390625 0.7232555150985718
2 323.1167297363281 187.2920379638672 447.91461181640625 253.80880737304688 0.5571885704994202
2 620.6824340820312 177.7328643798828 652.5537109375 209.10739135742188 0.46612492203712463
2 473.38470458984375 178.30386352539062 518.3777465820312 210.59857177734375 0.4254894256591797
2 398.7957763671875 183.13760375976562 477.9312744140625 225.41061401367188 0.39918389916419983
2 569.28173828125 180.61257934570312 612.6837768554688 203.0355987548828 0.39617711305618286
2 449.4849548339844 184.2873077392578 485.1837463378906 221.35858154296875 0.38068655133247375
2 439.1911315917969 184.52354431152344 484.1279296875 224.37103271484375 0.3451676666736603
2 526.9505615234375 181.0347900390625 551.7074584960938 199.44241333007812 0.31425413489341736
2 322.5526428222656 187.17022705078125 414.0834655761719 258.3507995605469 0.3009372651576996
