2 931.5347290039062 213.3580780029297 1241.5673828125 371.8250732421875 0.9069033861160278
2 162.81295776367188 197.74539184570312 394.98455810546875 327.4111022949219 0.9057472348213196
2 829.2694702148438 175.0419464111328 1132.0950927734375 305.89154052734375 0.8583811521530151
2 703.7219848632812 182.8357391357422 846.431884765625 236.23118591308594 0.799128532409668
2 590.8697509765625 185.24588012695312 632.2141723632812 213.9140167236328 0.5873737931251526
2 664.4982299804688 180.59915161132812 735.2179565429688 223.2227783203125 0.5112476348876953
1 0.0 220.93472290039062 53.760658264160156 301.5894775390625 0.5014514327049255
1 96.99725341796875 209.22825622558594 159.21109008789062 280.98028564453125 0.36157992482185364
7 642.0238037109375 147.98634338378906 717.25732421875 203.66329956054688 0.3508138656616211
1 52.12736892700195 221.99505615234375 99.5057601928711 288.7906188964844 0.322902113199234
