2 996.948974609375 219.6035614013672 1241.675048828125 371.2115783691406 0.8680798411369324
2 382.8122253417969 184.52801513671875 497.816162109375 264.03668212890625 0.8394860625267029
2 817.1484985351562 200.51492309570312 974.6454467773438 274.4759216308594 0.8353055119514465
2 779.3757934570312 192.4846954345703 902.593994140625 254.83779907226562 0.7240050435066223
2 944.5184326171875 194.4311981201172 1151.0562744140625 324.927978515625 0.6751822233200073
2 495.11328125 186.22769165039062 533.650390625 221.69627380371094 0.5724078416824341
0 1139.574951171875 172.11297607421875 1190.989501953125 263.77789306640625 0.5467657446861267
2 710.3878173828125 183.40597534179688 795.2913208007812 232.6950225830078 0.5270178914070129
2 599.9246215820312 177.5515899658203 633.1365356445312 200.8907928466797 0.4510195255279541
2 666.8438720703125 181.20741271972656 708.341796875 210.7157745361328 0.447662889957428
2 665.4559936523438 182.2234344482422 699.0349731445312 208.5580291748047 0.41707152128219604
2 602.8211059570312 173.97109985351562 638.8812866210938 201.01397705078125 0.37713533639907837
