0 1094.374267578125 144.1814422607422 1208.718994140625 368.9688720703125 0.8674301505088806
0 986.3939819335938 155.77513122558594 1035.150634765625 309.5491027832031 0.8167264461517334
0 420.6553039550781 159.40101623535156 459.5494079589844 256.0389404296875 0.7564009428024292
0 250.41929626464844 163.93861389160156 288.6473388671875 255.10885620117188 0.6661310195922852
0 462.911865234375 159.2772216796875 494.946533203125 252.00778198242188 0.6408360600471497
0 500.2676696777344 160.20069885253906 528.8818359375 248.38137817382812 0.6251435279846191
0 344.1199035644531 155.70870971679688 377.6842041015625 256.2783203125 0.6216834187507629
2 1056.2481689453125 186.3917236328125 1134.63671875 222.1357421875 0.5383724570274353
1 239.68470764160156 218.32591247558594 287.9463806152344 266.9871520996094 0.48651599884033203
13 840.6918334960938 214.5536651611328 997.5873413085938 284.3363342285156 0.42100706696510315
1 240.76502990722656 220.59141540527344 269.74786376953125 266.2133483886719 0.38300037384033203
2 1032.98486328125 190.8424835205078 1064.946044921875 219.27110290527344 0.3500746786594391
1 345.79583740234375 189.0456085205078 373.9964599609375 259.0962829589844 0.3370446562767029
